0,437
0,436
0,435
0,434
0,433
0,432
37,5
0,431
0,430
0,429
0,428
37,4
0,427
0,426
0,425
0,424
0,423
0,422
0,421
0,420
37,3
37,2
0,419
37,1
37,0
0,418
0,417
36,3
36,2
0,416
36,1
36,0
0,415
0,414
0,413
0,412
35,5
0,411
0,410
0,409
0,408
35,4
0,407
0,406
0,405
35,3
35,2
0,404
35,1
35,0
0,403
0,402
0,401
0,400
34,4
34,3
34,2
34,1
34,0
0,399
0,398
33,4
33,3
33,2
33,1
33,0
32,4
32,3
32,2
32,1
32,0
0,397
31,4
31,3
31,2
31,1
31,0
30,3
30,2
30,1
30,0
0,396
0,395
0,394
0,393
0,392
0,391
0,390
0,386
0,278
3,2
3,1
3,3
10,157
10,235
10,271
10,107
10,261
10,99
10,109
12,2
12,1
12,3
28,5
28,4
28,3
28,2
28,1
28,0
27,4
27,3
27,2
27,1
27,0
26,4
26,3
26,2
26,1
26,0
